20
45
60
38
25
21
35
27
-4
12
8
19
2
-26
-8
7
-17
-9
7
30
27
15
19
17
22
17
19
53
50
31
7
9
17
0
-17
-14
2
-6
-16
-34
13
30
3
12
37
40
20
9
12
34
24
5
22
23
25
4
-3
39
41
20
13
43
55
42
29
27
55
42
19
-2
26
36
9
2
22
20
-3
-27
1
15
12
4
30
26
8
13
9
10
-1
-21
-42
-31
-14
-23
-14
17
43
-2
23
38
45
34
8
23
39
35
11
7
23
28
-9
-34
-34
-15
-30
-57
-38
-1
19
33
58
93
95
79
63
72
65
71
53
48
43
5
-29
-21
-2
-6
-33
-36
-19
-22
-43
-45
-40
-15
-12
-16
15
49
63
55
83
96
80
41
32
34
40
27
30
54
57
31
-11
-17
12
-17
-41
-33
-11
5
7
33
57
50
35
19
17
18
-6
-26
-30
14
17
-15
-8
31
28
30
25
47
50
16
5
9
22
30
-5
-5
20
4
-14
3
26
32
28
12
17
34
9
-8
-16
19
37
11
26
40
32
16
14
24
7
-8
-25
-32
-6
1
-7
12
33
25
-1
9
37
28
8
7
15
22
33
29
51
50
33
6
6
29
32
6
21
37
57
55
26
48
29
-16
-50
-45
-28
-44
-22
0
26
31
-3
17
48
35
7
-20
8
2
-22
-21
19
35
20
-8
4
39
21
2
5
39
48
7
20
10
16
6
3
28
58
35
44
41
44
9
-24
-9
-4
-2
-2
-11
9
12
5
6
14
38
9
6
6
21
9
-6
-8
0
18
-8
-23
-13
38
28
17
34
35
38
16
15
42
52
45
31
68
60
51
55
41
33
6
-17
19
61
58
48
48
58
45
6
-20
3
3
-16
-24
-13
22
24
25
50
90
97
71
57
40
32
15
-4
2
13
-4
11
32
64
57
50
44
73
53
29
10
13
2
-25
-48
-38
-5
-4
-11
10
34
6
-10
33
49
65
58
51
64
79
32
13
16
12
-4
-35
1
35
20
9
-1
18
-4
-5
-9
11
9
23
20
32
48
27
20
36
40
35
22
-18
-8
17
-14
-17
4
5
-6
3
8
41
47
10
5
21
13
-19
0
10
17
25
-2
46
61
51
14
12
14
-3
-20
-19
26
24
6
-9
10
12
-19
-52
-24
-17
-36
-35
-16
21
25
-6
14
15
33
14
-16
-6
-5
-21
-43
-4
-9
18
11
25
28
16
0
-16
0
-6
-23
-26
4
58
35
32
33
47
26
-9
-18
-1
-25
-22
-25
26
23
12
-3
8
9
-17
-38
-20
10
0
-24
10
44
36
17
8
40
39
10
-4
16
31
30
21
10
27
3
-23
-5
1
12
4
-24
1
25
-6
-44
-3
27
4
-19
-6
10
5
-20
-8
7
36
36
11
2
11
9
-6
13
13
-13
-32
-44
-10
-9
-26
-19
-2
5
3
-20
3
12
-19
8
12
36
31
17
24
25
18
12
-27
15
17
-15
-35
-12
-2
-33
-43
-15
-28
-15
-27
-25
25
24
11
16
38
49
29
15
27
3
12
17
-4
4
-2
-10
-7
10
26
-7
-13
1
34
18
16
30
46
37
22
21
22
42
-7
-14
-12
-33
-67
-68
-47
-30
-35
-55
-31
43
13
17
17
30
17
-2
-21
-1
-29
-33
-15
12
36
41
32
45
51
33
-6
-37
-30
4
-31
-13
13
30
8
-9
-13
-12
-51
-59
-26
10
25
7
26
42
32
0
-20
-7
-15
-37
-33
0
17
13
4
20
37
36
19
12
14
24
2
-30
-13
-3
-25
-7
16
47
18
8
9
-3
-14
-39
-47
-14
-22
-12
1
24
31
44
47
53
50
32
7
-2
9
-1
-50
-34
-16
2
16
5
35
38
12
-14
-19
-27
-26
-53
-56
-33
7
-1
9
16
16
-26
-29
-26
-14
-29
-49
-51
-21
2
-13
-5
33
41
25
22
43
30
7
-6
-17
17
20
-12
-7
2
-11
-47
-49
-1
-12
-21
-35
-33
-33
-31
-55
-47
-27
-37
-64
-50
-27
2
1
29
85
90
68
38
36
25
-12
-36
-29
-10
0
-26
-19
48
40
21
-2
6
4
-18
-31
-9
7
-2
-14
-16
30
31
22
41
52
43
17
2
10
10
-15
-26
-27
-5
21
7
11
29
29
-4
-8
-3
-10
-21
-28
-9
-17
14
-5
11
31
8
-14
-6
11
5
-19
-39
-12
23
-1
-21
-8
13
-5
-17
-11
-1
-10
-27
-17
-14
6
-13
-19
11
12
-13
-17
3
13
2
-12
12
34
15
6
35
18
30
-2
-32
-26
-34
-41
-55
-38
-33
-15
-17
-12
11
25
-1
15
34
25
-11
-18
10
7
-36
-36
-5
3
11
-3
-4
21
29
-3
-9
14
10
-44
-34
5
-7
-14
-29
-23
-3
-12
-17
-19
-25
3
-8
-17
13
24
18
9
34
40
16
-4
-19
6
0
-33
-28
-22
-19
-26
-49
-41
-37
-62
-56
-34
-23
-18
4
16
34
25
12
6
24
19
-7
-10
11
14
11
3
11
9
12
-13
-12
-2
-1
-19
-16
7
-17
-32
6
7
14
-18
-21
-25
-12
-20
-29
-9
14
3
29
20
28
21
-9
-24
-12
-11
-34
-49
-50
-10
12
-18
-1
20
3
-12
-23
-5
-10
-39
-51
-32
-36
-27
-29
-15
-9
-18
-14
-15
0
1
1
0
-2
-2
2
6
5
6
12
16
13
7
2
-5
-17
-27
-28
-21
-16
-13
-6
7
18
18
12
4
-8
-26
-44
-52
-52
-52
-52
-48
-38
-27
-12
9
33
47
43
29
15
3
-8
-19
-26
-31
-37
-43
-45
-46
-50
-51
-42
-27
-15
-10
-3
4
11
14
18
27
35
40
40
39
35
28
15
5
2
5
7
9
13
16
12
6
2
0
-5
-8
-5
2
4
0
-1
2
6
5
7
16
25
24
17
12
6
-5
-21
-31
-35
-34
-26
-9
7
16
15
9
5
0
-11
-21
-22
-18
-18
-18
-12
-4
0
0
-1
1
1
-6
-11
-7
2
9
16
29
44
53
56
56
59
60
53
42
29
11
-12
-31
-41
-48
-52
-45
-29
-12
2
17
32
39
34
25
15
4
-7
-13
-11
-4
-2
-1
3
10
16
17
17
11
-5
-28
-48
-56
-52
-43
-33
-22
-13
-10
-9
-1
13
22
25
27
31
31
27
23
14
-10
-41
-65
-77
-81
-79
-76
-72
-68
-65
-63
-61
-59
-58
-56
-54
-53
-51
-49
-48
-46
-44
-43
-41
-40
-38
-37
-35
-34
-32
-31
-30
-28
-27
-26
-25
-23
-22
-21
-20
-19
-17
-16
-15
-14
-13
-12
-11
-10
-9
-8
-7
-6
-6
-5
-4
-3
-2
-2
-1
0
0
0
0
1
1
2
3
3
4
4
5
5
6
6
7
7
8
8
9
9
10
10
10
11
11
12
12
12
12
13
13
13
13
14
14
14
14
15
15
15
15
16
16
16
16
16
16
16
16
17
17
17
17
17
16
16
16
16
16
16
17
17
17
17
17
17
16
16
16
16
16
16
17
17
17
17
17
17
16
16
16
16
16
16
16
16
15
15
15
15
15
15
15
15
15
15
14
14
14
14
14
14
14
14
13
13
13
13
13
13
13
12
12
12
12
12
12
12
11
11
11
11
11
11
11
10
10
10
10
10
10
9
9
9
9
9
9
9
8
8
8
8
8
8
8
7
7
7
7
7
7
7
6
6
6
6
6
6
6
6
5
5
5
5
5
5
5
4
4
4
4
4
4
4
4
4
3
3
3
3
3
3
3
3
3
2
2
2
2
2
3
2
2
2
2
2
1
1
1
1
1
2
2
1
1
1
1
1
0
0
0
0
0
1
1
1
1
1
1
0
0
0
0
0
0
0
0
0
0
0
0
0
0
0
0
0
0
0
0
0
0
0
0
0
0
0
0
0
0
0
0
0
0
0
0
0
0
0
0
0
0
0
0
0
0
0
0
0
0
0
0
0
0
0
0
0
0
0
0
0
0
0
0
0
0
0
0
0
0
0
0
0
0
0
0
0
0
0
0
0
0
0
0
0
0
0
0
0
0
0
0
0
0
0
0
0
0
0
0
0
0
0
0
0
0
0
0
0
0
0
0
0
0
0
0
0
0
0
0
0
0
0
0
0
0
0
0
0
0
0
0
0
0
0
0
0
0
0
0
0
0
0
0
0
0
0
0
0
0
0
0
0
0
0
0
0
0
0
0
0
0
0
0
0
0
0
0
0
0
0
0
0
0
0
0
0
0
0
0
0
0
0
0
0
0
0
0
0
0
0
0
0
0
0
0
0
0
0
0
0
0
0
0
0
0
0
0
0
0
0
0
0
0
0
0
0
0
0
0
0
0
0
0
0
0
0
0
0
0
0
0
0
0
0
0
0
0
0
0
0
0
0
0
0
0
0
0
0
0
0
0
0
0
0
0
0
0
0
0
0
0
0
0
0
0
0
0
0
0
0
0
0
0
0
0
0
0
0
0
0
0
0
0
0
0
0
0
0
0
0
0
0
0
0
0
0
0
0
0
0
0
0
0
0
0
0
0
0
0
0
0
0
0
0
0
0
0
0
0
0
0
0
0
0
0
0
0
0
0
0
0
0
0
0
0
0
0
0
0
0
0
0
0
0
0
0
0
0
0
0
0
0
0
0
0
0
0
0
0
0
0
0
0
0
0
0
0
0
0
0
0
0
0
0
0
0
0
0
0
0
0
0
0
0
0
0
0
0
0
0
0
0
0
0
0
0
0
0
0
0
0
0
0
0
0
0
0
0
0
0
0
0
0
0
0
0
0
0
0
0
0
0
0
0
0
0
0
0
0
0
0
0
0
0
0
0
0
0
0
0
0
0
0
0
0
0
0
0
0
0
0
0
0
0
0
0
0
0
0
0
0
0
0
0
0
0
0
0
0
0
0
0
0
0
0
0
0
0
0
0
0
0
0
0
0
0
0
0
0
0
0
0
0
0
0
0
0
0
0
0
0
0
0
0
0
0
0
0
0
0
0
0
0
0
0
0
0
0
0
0
0
0
0
0
0
0
0
0
0
0
0
0
0
0
0
0
0
0
0
0
0
0
0
0
0
0
0
0
0
0
0
0
0
0
0
0
0
0
0
0
0
0
0
0
0
0
0
0
0
0
0
0
0
0
0
0
0
0
0
0
0
0
0
0
0
0
0
0
0
0
0
0
0
0
0
0
0
0
0
0
0
0
0
0
0
0
0
0
0
0
0
0
0
0
0
0
0
0
0
0
0
0
0
0
0
0
0
0
0
0
0
0
0
0
0
0
0
0
0
0
0
0
0
0
0
0
0
0
0
0
0
0
0
0
0
0
0
0
0
0
0
0
0
0
0
0
0
0
0
0
0
0
0
0
0
0
0
0
0
0
0
0
0
0
0
0
0
0
0
0
0
0
0
0
0
0
0
0
0
0
0
0
0
0
0
0
0
0
0
0
0
0
0
0
0
0
0
0
0
0
0
0
0
0
0
0
0
0
0
0
0
0
0
0
0
0
0
0
0
0
0
0
0
0
0
0
0
0
0
0
0
0
0
0
0
0
0
0
0
0
0
0
0
0
0
0
0
0
0
0
0
0
0
0
0
0
0
0
0
0
0
0
0
0
0
0
0
0
0
0
0
0
0
0
0
0
0
0
0
0
0
0
0
0
0
0
0
0
0
0
0
0
0
0
0
0
0
0
0
0
0
0
0
0
0
0
0
0
0
0
0
0
0
0
0
0
0
0
0
0
0
0
0
0
0
0
0
0
0
0
0
0
0
0
0
0
0
0
0
0
0
0
0
0
0
0
0
0
0
0
0
0
0
0
0
0
0
0
0
0
0
0
0
0
0
0
0
0
0
0
0
0
0
0
0
0
0
0
0
0
0
0
0
0
0
0
0
0
0
0
0
0
0
0
0
0
0
0
0
0
0
0
0
0
0
0
0
0
0
0
0
0
0
0
0
0
0
0
0
0
0
0
0
0
0
0
0
0
0
0
0
0
0
0
0
0
0
0
0
0
0
0
0
0
0
0
0
0
0
0
0
0
0
0
0
0
0
0
0
0
0
0
0
0
0
0
0
0
0
0
0
0
0
0
0
0
15
62
121
165
187
193
188
180
172
164
158
153
149
145
141
136
132
128
124
120
116
112
109
105
101
98
94
91
87
84
80
77
74
71
67
64
61
58
56
53
50
47
45
42
40
37
35
32
30
27
25
23
